{
 "cells": [
  {
   "cell_type": "code",
   "execution_count": 35,
   "metadata": {},
   "outputs": [],
   "source": [
    "import pandas as pd\n",
    "import numpy as np\n",
    "import math\n",
    "from sklearn.ensemble import RandomForestClassifier\n",
    "from sklearn.ensemble import RandomForestRegressor\n",
    "from sklearn.metrics import roc_auc_score\n",
    "from sklearn import model_selection\n",
    "#csv_data = pd.read_csv('IF888.csv')  # 读取数据\n",
    "csv_data = pd.read_csv('SLM_DATA_IF.csv')  # 读取数据"
   ]
  },
  {
   "cell_type": "code",
   "execution_count": 36,
   "metadata": {},
   "outputs": [],
   "source": [
    "#预测指标（涨跌），基于每日交易\n",
    "csv_data[\"updown\"] = 1\n",
    "day = 1\n",
    "for i in range(day,len(csv_data)):\n",
    "    if(csv_data.loc[i,\"CLOSE\"]-csv_data.loc[i-day,\"CLOSE\"]>=0):\n",
    "        csv_data.loc[i-day,\"updown\"]=1\n",
    "    else:\n",
    "        csv_data.loc[i-day,\"updown\"]=-1\n",
    "        \n",
    "csv_data[\"zhangdie\"] = 0\n",
    "for i in range(day,len(csv_data)):\n",
    "    csv_data.loc[i-day,\"zhangdie\"]=csv_data.loc[i,\"CLOSE\"]-csv_data.loc[i-day,\"CLOSE\"]"
   ]
  },
  {
   "cell_type": "code",
   "execution_count": 37,
   "metadata": {},
   "outputs": [],
   "source": [
    "#设定参数\n",
    "N = 400\n",
    "dailyprofitlv = 0\n",
    "profit = [0 for x in range(len(csv_data)-N-1)]\n",
    "sharpup = [0 for x in range(len(csv_data)-N-1)]"
   ]
  },
  {
   "cell_type": "code",
   "execution_count": 38,
   "metadata": {
    "scrolled": true
   },
   "outputs": [],
   "source": [
    "#因子库\n",
    "# 开盘缺口\n",
    "csv_data[\"closeopen\"]=(csv_data[\"OPEN\"]/csv_data[\"CLOSE\"]-1)*10\n",
    "# Alpha#101\n",
    "csv_data[\"highlow\"]=(csv_data[\"CLOSE\"]-csv_data[\"OPEN\"])/(csv_data[\"HIGH\"]-csv_data[\"LOW\"]+0.001)\n",
    "# change of settlement\n",
    "#csv_data[\"settlementchange\"]=(csv_data[\"HIGH\"].values+csv_data[\"LOW\"].values)/(csv_data['OPEN'].values+csv_data['CLOSE'].values)\n",
    "#12daysdelay\n",
    "csv_data['12close'] = [0 for x in range(len(csv_data))]\n",
    "for i in range(12,len(csv_data)):\n",
    "    csv_data.loc[i,'12close'] = (csv_data.loc[i,'CLOSE']/csv_data.loc[i-12,'CLOSE']-1)*10\n",
    "#12daysmax\n",
    "csv_data['12max'] = [0 for x in range(len(csv_data))]\n",
    "for i in range(12,len(csv_data)):\n",
    "    csv_data.loc[i,'12max']=csv_data.loc[i,'CLOSE']/np.max(csv_data.loc[i-12:i,'CLOSE'])-1\n",
    "#6daysdelay\n",
    "csv_data['6close'] = [0 for x in range(len(csv_data))]\n",
    "for i in range(6,len(csv_data)):\n",
    "    csv_data.loc[i,'6close'] = (csv_data.loc[i,'CLOSE']/csv_data.loc[i-6,'CLOSE']-1)*10\n",
    "#6daysmax\n",
    "csv_data['6max'] = [0 for x in range(len(csv_data))]\n",
    "for i in range(6,len(csv_data)):\n",
    "    csv_data.loc[i,\"6max\"]=csv_data.loc[i,'CLOSE']/np.max(csv_data.loc[i-6:i,'CLOSE'])-1\n",
    "#30mean\n",
    "csv_data[\"30mean\"] = [0 for x in range(len(csv_data))]\n",
    "for i in range(30,len(csv_data)):\n",
    "    csv_data.loc[i,\"30mean\"] = (csv_data.loc[i,'CLOSE']/np.mean(csv_data.loc[i-30:i,'CLOSE'])-1)*10\n",
    "#10mean\n",
    "csv_data[\"10mean\"] = [0 for x in range(len(csv_data))]\n",
    "for i in range(10,len(csv_data)):\n",
    "    csv_data.loc[i,\"10mean\"] = (csv_data.loc[i,'CLOSE']/np.mean(csv_data.loc[i-10:i,'CLOSE'])-1)*10\n",
    "#1dayvolumechange\n",
    "csv_data['volumech'] = [0 for x in range(len(csv_data))]\n",
    "for i in range(12,len(csv_data)):\n",
    "    csv_data.loc[i,'volumech'] = csv_data.loc[i,'VOLUME']/csv_data.loc[i-1,'VOLUME']-1"
   ]
  },
  {
   "cell_type": "code",
   "execution_count": 18,
   "metadata": {
    "scrolled": true
   },
   "outputs": [
    {
     "data": {
      "text/html": [
       "<div>\n",
       "<style scoped>\n",
       "    .dataframe tbody tr th:only-of-type {\n",
       "        vertical-align: middle;\n",
       "    }\n",
       "\n",
       "    .dataframe tbody tr th {\n",
       "        vertical-align: top;\n",
       "    }\n",
       "\n",
       "    .dataframe thead th {\n",
       "        text-align: right;\n",
       "    }\n",
       "</style>\n",
       "<table border=\"1\" class=\"dataframe\">\n",
       "  <thead>\n",
       "    <tr style=\"text-align: right;\">\n",
       "      <th></th>\n",
       "      <th>DATE</th>\n",
       "      <th>OPEN</th>\n",
       "      <th>HIGH</th>\n",
       "      <th>LOW</th>\n",
       "      <th>CLOSE</th>\n",
       "      <th>VOLUME</th>\n",
       "      <th>updown</th>\n",
       "      <th>zhangdie</th>\n",
       "      <th>closeopen</th>\n",
       "      <th>highlow</th>\n",
       "      <th>12close</th>\n",
       "      <th>12max</th>\n",
       "      <th>6close</th>\n",
       "      <th>6max</th>\n",
       "      <th>30mean</th>\n",
       "      <th>10mean</th>\n",
       "      <th>volumech</th>\n",
       "    </tr>\n",
       "  </thead>\n",
       "  <tbody>\n",
       "    <tr>\n",
       "      <th>30</th>\n",
       "      <td>2010/6/21</td>\n",
       "      <td>2735.127396</td>\n",
       "      <td>2802.182388</td>\n",
       "      <td>2704.087102</td>\n",
       "      <td>2790.442790</td>\n",
       "      <td>277989</td>\n",
       "      <td>-1</td>\n",
       "      <td>-7.163144</td>\n",
       "      <td>-0.198232</td>\n",
       "      <td>0.563889</td>\n",
       "      <td>-0.024705</td>\n",
       "      <td>-0.002471</td>\n",
       "      <td>0.222810</td>\n",
       "      <td>-0.001326</td>\n",
       "      <td>-0.101910</td>\n",
       "      <td>0.121417</td>\n",
       "      <td>0.112041</td>\n",
       "    </tr>\n",
       "    <tr>\n",
       "      <th>31</th>\n",
       "      <td>2010/6/22</td>\n",
       "      <td>2781.289883</td>\n",
       "      <td>2800.590579</td>\n",
       "      <td>2778.902168</td>\n",
       "      <td>2783.279646</td>\n",
       "      <td>220831</td>\n",
       "      <td>-1</td>\n",
       "      <td>-32.234151</td>\n",
       "      <td>-0.007149</td>\n",
       "      <td>0.091739</td>\n",
       "      <td>0.057758</td>\n",
       "      <td>-0.003890</td>\n",
       "      <td>-0.038896</td>\n",
       "      <td>-0.003890</td>\n",
       "      <td>-0.094095</td>\n",
       "      <td>0.094917</td>\n",
       "      <td>-0.205612</td>\n",
       "    </tr>\n",
       "    <tr>\n",
       "      <th>32</th>\n",
       "      <td>2010/6/23</td>\n",
       "      <td>2770.744143</td>\n",
       "      <td>2787.259170</td>\n",
       "      <td>2728.959132</td>\n",
       "      <td>2751.045495</td>\n",
       "      <td>238316</td>\n",
       "      <td>1</td>\n",
       "      <td>5.770311</td>\n",
       "      <td>0.071604</td>\n",
       "      <td>-0.337878</td>\n",
       "      <td>-0.110285</td>\n",
       "      <td>-0.015426</td>\n",
       "      <td>-0.086004</td>\n",
       "      <td>-0.014119</td>\n",
       "      <td>-0.184437</td>\n",
       "      <td>-0.021264</td>\n",
       "      <td>0.079178</td>\n",
       "    </tr>\n",
       "    <tr>\n",
       "      <th>33</th>\n",
       "      <td>2010/6/24</td>\n",
       "      <td>2756.815806</td>\n",
       "      <td>2795.616173</td>\n",
       "      <td>2735.923301</td>\n",
       "      <td>2756.815806</td>\n",
       "      <td>297949</td>\n",
       "      <td>-1</td>\n",
       "      <td>-17.111957</td>\n",
       "      <td>0.000000</td>\n",
       "      <td>0.000000</td>\n",
       "      <td>0.012881</td>\n",
       "      <td>-0.013361</td>\n",
       "      <td>-0.051560</td>\n",
       "      <td>-0.012051</td>\n",
       "      <td>-0.147885</td>\n",
       "      <td>0.002793</td>\n",
       "      <td>0.250227</td>\n",
       "    </tr>\n",
       "    <tr>\n",
       "      <th>34</th>\n",
       "      <td>2010/6/25</td>\n",
       "      <td>2744.877231</td>\n",
       "      <td>2758.606592</td>\n",
       "      <td>2721.994964</td>\n",
       "      <td>2739.703849</td>\n",
       "      <td>249654</td>\n",
       "      <td>-1</td>\n",
       "      <td>-12.137551</td>\n",
       "      <td>0.018883</td>\n",
       "      <td>-0.141300</td>\n",
       "      <td>-0.096123</td>\n",
       "      <td>-0.019485</td>\n",
       "      <td>-0.035492</td>\n",
       "      <td>-0.018183</td>\n",
       "      <td>-0.188873</td>\n",
       "      <td>-0.068572</td>\n",
       "      <td>-0.162091</td>\n",
       "    </tr>\n",
       "    <tr>\n",
       "      <th>...</th>\n",
       "      <td>...</td>\n",
       "      <td>...</td>\n",
       "      <td>...</td>\n",
       "      <td>...</td>\n",
       "      <td>...</td>\n",
       "      <td>...</td>\n",
       "      <td>...</td>\n",
       "      <td>...</td>\n",
       "      <td>...</td>\n",
       "      <td>...</td>\n",
       "      <td>...</td>\n",
       "      <td>...</td>\n",
       "      <td>...</td>\n",
       "      <td>...</td>\n",
       "      <td>...</td>\n",
       "      <td>...</td>\n",
       "      <td>...</td>\n",
       "    </tr>\n",
       "    <tr>\n",
       "      <th>2281</th>\n",
       "      <td>2019/9/18</td>\n",
       "      <td>4770.710760</td>\n",
       "      <td>4793.443563</td>\n",
       "      <td>4764.844231</td>\n",
       "      <td>4771.688515</td>\n",
       "      <td>55124</td>\n",
       "      <td>1</td>\n",
       "      <td>25.421629</td>\n",
       "      <td>-0.002049</td>\n",
       "      <td>0.034187</td>\n",
       "      <td>0.296429</td>\n",
       "      <td>-0.018256</td>\n",
       "      <td>-0.161282</td>\n",
       "      <td>-0.018256</td>\n",
       "      <td>0.285874</td>\n",
       "      <td>-0.057921</td>\n",
       "      <td>-0.292102</td>\n",
       "    </tr>\n",
       "    <tr>\n",
       "      <th>2282</th>\n",
       "      <td>2019/9/19</td>\n",
       "      <td>4786.843717</td>\n",
       "      <td>4797.110144</td>\n",
       "      <td>4758.244385</td>\n",
       "      <td>4797.110144</td>\n",
       "      <td>44195</td>\n",
       "      <td>1</td>\n",
       "      <td>2.199003</td>\n",
       "      <td>-0.021401</td>\n",
       "      <td>0.264144</td>\n",
       "      <td>0.241090</td>\n",
       "      <td>-0.013026</td>\n",
       "      <td>-0.089885</td>\n",
       "      <td>-0.013026</td>\n",
       "      <td>0.313796</td>\n",
       "      <td>-0.025736</td>\n",
       "      <td>-0.198262</td>\n",
       "    </tr>\n",
       "    <tr>\n",
       "      <th>2283</th>\n",
       "      <td>2019/9/20</td>\n",
       "      <td>4803.954428</td>\n",
       "      <td>4815.200899</td>\n",
       "      <td>4790.507561</td>\n",
       "      <td>4799.309147</td>\n",
       "      <td>59557</td>\n",
       "      <td>-1</td>\n",
       "      <td>-38.140205</td>\n",
       "      <td>0.009679</td>\n",
       "      <td>-0.188111</td>\n",
       "      <td>0.239372</td>\n",
       "      <td>-0.012573</td>\n",
       "      <td>-0.017796</td>\n",
       "      <td>-0.012573</td>\n",
       "      <td>0.289222</td>\n",
       "      <td>-0.030100</td>\n",
       "      <td>0.347596</td>\n",
       "    </tr>\n",
       "    <tr>\n",
       "      <th>2284</th>\n",
       "      <td>2019/9/23</td>\n",
       "      <td>4782.439441</td>\n",
       "      <td>4783.417395</td>\n",
       "      <td>4727.918506</td>\n",
       "      <td>4761.168942</td>\n",
       "      <td>70709</td>\n",
       "      <td>-1</td>\n",
       "      <td>-0.244489</td>\n",
       "      <td>0.044675</td>\n",
       "      <td>-0.383253</td>\n",
       "      <td>0.019529</td>\n",
       "      <td>-0.020420</td>\n",
       "      <td>-0.204202</td>\n",
       "      <td>-0.020420</td>\n",
       "      <td>0.184706</td>\n",
       "      <td>-0.102933</td>\n",
       "      <td>0.187249</td>\n",
       "    </tr>\n",
       "    <tr>\n",
       "      <th>2285</th>\n",
       "      <td>2019/9/24</td>\n",
       "      <td>4769.970527</td>\n",
       "      <td>4809.088687</td>\n",
       "      <td>4754.323264</td>\n",
       "      <td>4760.924453</td>\n",
       "      <td>76051</td>\n",
       "      <td>1</td>\n",
       "      <td>0.000000</td>\n",
       "      <td>0.019001</td>\n",
       "      <td>-0.165176</td>\n",
       "      <td>-0.071891</td>\n",
       "      <td>-0.020471</td>\n",
       "      <td>-0.162653</td>\n",
       "      <td>-0.016265</td>\n",
       "      <td>0.160087</td>\n",
       "      <td>-0.089110</td>\n",
       "      <td>0.075549</td>\n",
       "    </tr>\n",
       "  </tbody>\n",
       "</table>\n",
       "<p>2256 rows × 17 columns</p>\n",
       "</div>"
      ],
      "text/plain": [
       "           DATE         OPEN         HIGH          LOW        CLOSE  VOLUME  \\\n",
       "30    2010/6/21  2735.127396  2802.182388  2704.087102  2790.442790  277989   \n",
       "31    2010/6/22  2781.289883  2800.590579  2778.902168  2783.279646  220831   \n",
       "32    2010/6/23  2770.744143  2787.259170  2728.959132  2751.045495  238316   \n",
       "33    2010/6/24  2756.815806  2795.616173  2735.923301  2756.815806  297949   \n",
       "34    2010/6/25  2744.877231  2758.606592  2721.994964  2739.703849  249654   \n",
       "...         ...          ...          ...          ...          ...     ...   \n",
       "2281  2019/9/18  4770.710760  4793.443563  4764.844231  4771.688515   55124   \n",
       "2282  2019/9/19  4786.843717  4797.110144  4758.244385  4797.110144   44195   \n",
       "2283  2019/9/20  4803.954428  4815.200899  4790.507561  4799.309147   59557   \n",
       "2284  2019/9/23  4782.439441  4783.417395  4727.918506  4761.168942   70709   \n",
       "2285  2019/9/24  4769.970527  4809.088687  4754.323264  4760.924453   76051   \n",
       "\n",
       "      updown   zhangdie  closeopen   highlow   12close     12max    6close  \\\n",
       "30        -1  -7.163144  -0.198232  0.563889 -0.024705 -0.002471  0.222810   \n",
       "31        -1 -32.234151  -0.007149  0.091739  0.057758 -0.003890 -0.038896   \n",
       "32         1   5.770311   0.071604 -0.337878 -0.110285 -0.015426 -0.086004   \n",
       "33        -1 -17.111957   0.000000  0.000000  0.012881 -0.013361 -0.051560   \n",
       "34        -1 -12.137551   0.018883 -0.141300 -0.096123 -0.019485 -0.035492   \n",
       "...      ...        ...        ...       ...       ...       ...       ...   \n",
       "2281       1  25.421629  -0.002049  0.034187  0.296429 -0.018256 -0.161282   \n",
       "2282       1   2.199003  -0.021401  0.264144  0.241090 -0.013026 -0.089885   \n",
       "2283      -1 -38.140205   0.009679 -0.188111  0.239372 -0.012573 -0.017796   \n",
       "2284      -1  -0.244489   0.044675 -0.383253  0.019529 -0.020420 -0.204202   \n",
       "2285       1   0.000000   0.019001 -0.165176 -0.071891 -0.020471 -0.162653   \n",
       "\n",
       "          6max    30mean    10mean  volumech  \n",
       "30   -0.001326 -0.101910  0.121417  0.112041  \n",
       "31   -0.003890 -0.094095  0.094917 -0.205612  \n",
       "32   -0.014119 -0.184437 -0.021264  0.079178  \n",
       "33   -0.012051 -0.147885  0.002793  0.250227  \n",
       "34   -0.018183 -0.188873 -0.068572 -0.162091  \n",
       "...        ...       ...       ...       ...  \n",
       "2281 -0.018256  0.285874 -0.057921 -0.292102  \n",
       "2282 -0.013026  0.313796 -0.025736 -0.198262  \n",
       "2283 -0.012573  0.289222 -0.030100  0.347596  \n",
       "2284 -0.020420  0.184706 -0.102933  0.187249  \n",
       "2285 -0.016265  0.160087 -0.089110  0.075549  \n",
       "\n",
       "[2256 rows x 17 columns]"
      ]
     },
     "execution_count": 18,
     "metadata": {},
     "output_type": "execute_result"
    }
   ],
   "source": [
    "csv_data[30:]"
   ]
  },
  {
   "cell_type": "code",
   "execution_count": null,
   "metadata": {},
   "outputs": [],
   "source": [
    "#模型参数优化\n",
    "from sklearn.model_selection import GridSearchCV\n",
    "data = []\n",
    "data=pd.DataFrame(data)\n",
    "target = []\n",
    "target=pd.DataFrame(target)\n",
    "data[\"closeopen\"] = csv_data[\"closeopen\"].loc[100:1000]\n",
    "data[\"highlow\"] = csv_data[\"highlow\"].loc[100:1000]\n",
    "data[\"12close\"] = csv_data[\"12close\"].loc[100:1000]\n",
    "data['12max'] = csv_data['12max'].loc[100:1000]\n",
    "data['6max'] = csv_data['6max'].loc[100:1000]\n",
    "data[\"6close\"] = csv_data[\"6close\"].loc[100:1000]\n",
    "data['30mean'] = csv_data['30mean'].loc[100:1000]\n",
    "data['10mean'] = csv_data['10mean'].loc[100:1000]\n",
    "data['volumech'] = csv_data['volumech'].loc[100:1000]\n",
    "target = csv_data[\"updown\"].loc[100:1000]\n",
    "#target = csv_data[\"zhangdie\"].loc[i:i+N]\n",
    "data = data.values\n",
    "target = target.values\n",
    "train = data[:-1]\n",
    "t_train = target[:-1]\n",
    "param_grid = {\"n_estimators\":range(10,200,10),\"random_state\":range(10)}\n",
    "gsearch = GridSearchCV(estimator=RandomForestClassifier(),param_grid=param_grid,scoring=\"roc_auc\",cv=3)\n",
    "gsearch.fit(train,t_train)\n",
    "print(gsearch.best_params_)\n",
    "print(gsearch.best_score_)"
   ]
  },
  {
   "cell_type": "code",
   "execution_count": 39,
   "metadata": {},
   "outputs": [
    {
     "name": "stdout",
     "output_type": "stream",
     "text": [
      "[0.13817649 0.09575453 0.12370803 0.0793675  0.1007629  0.08746858\n",
      " 0.11157538 0.13575655 0.12743004]\n",
      "[0.11670118 0.1337062  0.13455608 0.08315705 0.09461439 0.0921883\n",
      " 0.11088055 0.116075   0.11812124]\n",
      "[0.09347835 0.13332786 0.11953216 0.08269131 0.12942271 0.07472456\n",
      " 0.12761857 0.12349309 0.11571139]\n",
      "[0.09708923 0.09618446 0.12890301 0.11768979 0.11466997 0.11881374\n",
      " 0.11744289 0.10274219 0.10646473]\n",
      "[0.11167809 0.11868233 0.13693411 0.08183738 0.08673835 0.08793361\n",
      " 0.13315948 0.11503062 0.12800603]\n",
      "[0.10742815 0.10110766 0.13500527 0.08889497 0.09628517 0.1160138\n",
      " 0.12209166 0.12735674 0.10581658]\n",
      "[0.11259268 0.10937037 0.14336211 0.09095047 0.11214038 0.10256665\n",
      " 0.10882579 0.11958074 0.1006108 ]\n",
      "[0.08759628 0.10886556 0.13722933 0.07831176 0.10776274 0.12763658\n",
      " 0.12613589 0.12250505 0.10395682]\n",
      "[0.12621932 0.07849395 0.14536435 0.09108007 0.09374021 0.11210219\n",
      " 0.09774666 0.13945518 0.11579809]\n",
      "[0.14177768 0.12930962 0.13722154 0.09521326 0.07247374 0.09604064\n",
      " 0.12352704 0.09221605 0.11222042]\n",
      "[0.11170662 0.12990644 0.13595178 0.09833015 0.07012099 0.08767\n",
      " 0.11679776 0.11002203 0.13949423]\n",
      "[0.10923538 0.12665576 0.10080424 0.10840426 0.09010389 0.10242111\n",
      " 0.11892325 0.12126403 0.12218809]\n",
      "[0.09575473 0.10739567 0.12104652 0.08867734 0.10233693 0.11902323\n",
      " 0.13898167 0.10902353 0.11776038]\n",
      "[0.14328008 0.12845502 0.12601478 0.07210732 0.12056046 0.09070024\n",
      " 0.09236523 0.11716477 0.1093521 ]\n",
      "[0.12841734 0.11192353 0.10018958 0.09229872 0.09754087 0.109992\n",
      " 0.12927049 0.12259341 0.10777407]\n",
      "[0.13193826 0.12971263 0.14034729 0.08572364 0.09942074 0.10141452\n",
      " 0.100554   0.1118234  0.09906553]\n",
      "[0.10452028 0.11118236 0.12996215 0.09092405 0.11075119 0.12154603\n",
      " 0.11963155 0.10975715 0.10172524]\n",
      "[0.11785157 0.10150058 0.13145479 0.08627227 0.10531901 0.12935838\n",
      " 0.11951978 0.09550892 0.11321471]\n",
      "[0.13826022 0.11546748 0.13549425 0.09717217 0.08045396 0.12658838\n",
      " 0.11523941 0.10300031 0.08832383]\n",
      "[0.1254528  0.09933299 0.11685536 0.10579943 0.10264798 0.11341794\n",
      " 0.11582768 0.12732517 0.09334065]\n",
      "[0.10636078 0.11924984 0.13953616 0.09582478 0.08895521 0.09866503\n",
      " 0.12557964 0.09939512 0.12643346]\n",
      "[0.10966287 0.08748791 0.16903811 0.10663446 0.09992608 0.11062962\n",
      " 0.10063074 0.10839682 0.1075934 ]\n",
      "[0.13937218 0.10033875 0.11707053 0.10764169 0.10663824 0.11288127\n",
      " 0.10660388 0.09209438 0.11735908]\n",
      "[0.10658016 0.10992282 0.14580418 0.10094448 0.07673843 0.12539713\n",
      " 0.11418871 0.12286885 0.09755524]\n",
      "[0.12549475 0.10193256 0.13556537 0.08555848 0.09976372 0.11476465\n",
      " 0.12728355 0.11970743 0.08992948]\n",
      "[0.15332303 0.0965612  0.10811976 0.08652834 0.12030491 0.10846264\n",
      " 0.11228208 0.10453477 0.10988328]\n",
      "[0.11162805 0.12120959 0.10276859 0.09259176 0.10539181 0.11069905\n",
      " 0.11286369 0.12161461 0.12123285]\n",
      "[0.11952561 0.09712273 0.135958   0.08404818 0.11377346 0.1156328\n",
      " 0.11009413 0.10954381 0.11430128]\n",
      "[0.1145198  0.10249757 0.11939481 0.09655965 0.1156495  0.09685683\n",
      " 0.09938731 0.1434757  0.11165883]\n",
      "[0.11822827 0.12606126 0.11946449 0.08552369 0.09829327 0.08313428\n",
      " 0.11896096 0.11745571 0.13287807]\n",
      "[0.14088064 0.10359538 0.11218753 0.07515496 0.10967694 0.11684994\n",
      " 0.11951124 0.1348571  0.08728628]\n",
      "[0.10014643 0.11632991 0.143833   0.08365024 0.09979623 0.10422651\n",
      " 0.11864373 0.11915941 0.11421455]\n",
      "[0.11698295 0.0901483  0.1245331  0.09841722 0.11444083 0.10943272\n",
      " 0.12842484 0.12233982 0.09528022]\n",
      "[0.13197781 0.09022916 0.12032297 0.10608051 0.10289654 0.11110848\n",
      " 0.11057955 0.14191015 0.08489483]\n",
      "[0.12507706 0.1069     0.13943582 0.0890723  0.11080397 0.08451411\n",
      " 0.1163875  0.0979898  0.12981945]\n",
      "[0.12896251 0.11079079 0.13307967 0.09267817 0.08870624 0.07461345\n",
      " 0.12549497 0.12918372 0.11649048]\n",
      "[0.13518268 0.11601614 0.09787124 0.10169845 0.11031648 0.09970559\n",
      " 0.12388004 0.11253518 0.10279419]\n",
      "[0.11549847 0.1216449  0.12016767 0.08793815 0.0955464  0.1096483\n",
      " 0.12696338 0.10060364 0.1219891 ]\n",
      "[0.09907562 0.12075719 0.13620526 0.08219196 0.09684321 0.11575794\n",
      " 0.12928469 0.12786648 0.09201764]\n",
      "[0.11190908 0.12089594 0.1229125  0.07417846 0.08829936 0.09597512\n",
      " 0.15759851 0.1345274  0.09370364]\n",
      "[0.12456468 0.10373046 0.10827623 0.08116899 0.10637213 0.11621296\n",
      " 0.12997735 0.11889875 0.11079845]\n",
      "[0.10998759 0.11055757 0.09380707 0.10515764 0.10554745 0.11929012\n",
      " 0.12599102 0.13001721 0.09964432]\n",
      "[0.12450543 0.10244548 0.12287512 0.08040693 0.09089114 0.09938271\n",
      " 0.1395954  0.12311609 0.11678169]\n",
      "[0.16743941 0.09120425 0.10715648 0.10673573 0.0976914  0.1312943\n",
      " 0.10252001 0.10749428 0.08846413]\n",
      "[0.12480304 0.10791297 0.12532279 0.09648743 0.09157611 0.10827087\n",
      " 0.10953468 0.14582638 0.09026572]\n",
      "[0.11742466 0.12471843 0.12253076 0.09068095 0.09065158 0.09426541\n",
      " 0.12325763 0.11306933 0.12340126]\n",
      "[0.12854865 0.11988039 0.12426452 0.08031157 0.09818218 0.09719582\n",
      " 0.12904494 0.13167838 0.09089355]\n",
      "[0.12492808 0.09282841 0.11617164 0.10554883 0.11537947 0.1105337\n",
      " 0.12419478 0.10468546 0.10572963]\n",
      "[0.10669245 0.09044586 0.14204288 0.07774463 0.11058165 0.11046346\n",
      " 0.11444153 0.13950039 0.10808715]\n",
      "[0.1294182  0.09192661 0.10951537 0.09222514 0.11968704 0.09555997\n",
      " 0.13262018 0.13031338 0.09873412]\n",
      "[0.10713988 0.1121855  0.12053426 0.08604046 0.09499001 0.11070038\n",
      " 0.12941958 0.13460434 0.10438559]\n",
      "[0.11004272 0.11359006 0.12907271 0.09690284 0.1063839  0.1036709\n",
      " 0.1182     0.11824552 0.10389134]\n",
      "[0.12484671 0.09448525 0.12636257 0.09067428 0.10205822 0.10476225\n",
      " 0.1300154  0.11759376 0.10920157]\n",
      "[0.12275593 0.11978696 0.12293555 0.07587865 0.11465229 0.09303379\n",
      " 0.11948163 0.12836561 0.1031096 ]\n",
      "[0.12878337 0.12201    0.12645874 0.09463442 0.10266747 0.10258874\n",
      " 0.11129105 0.09060035 0.12096585]\n",
      "[0.11772397 0.12412433 0.12959382 0.09732098 0.10826922 0.09299974\n",
      " 0.11630755 0.10977774 0.10388265]\n",
      "[0.11809242 0.11615658 0.10960988 0.10179328 0.08883538 0.11104941\n",
      " 0.1037419  0.13306587 0.11765528]\n",
      "[0.12058018 0.12008726 0.1411883  0.10111845 0.09726825 0.08957874\n",
      " 0.10792926 0.12866597 0.09358359]\n",
      "[0.12227936 0.13473982 0.13103552 0.08620541 0.08403238 0.09012877\n",
      " 0.13188179 0.11481937 0.1048776 ]\n",
      "[0.11298883 0.09634142 0.11400028 0.09381743 0.09636699 0.12306951\n",
      " 0.12441994 0.12006419 0.11893141]\n",
      "[0.11957004 0.11293757 0.0912044  0.08913235 0.10660571 0.11482487\n",
      " 0.11958228 0.14196213 0.10418066]\n",
      "[0.11918679 0.10027208 0.10164042 0.10312013 0.10037178 0.12335505\n",
      " 0.13638273 0.13704995 0.07862106]\n",
      "[0.1320528  0.1093249  0.11653572 0.0851747  0.10902308 0.11817516\n",
      " 0.11145196 0.1123881  0.10587357]\n",
      "[0.13868693 0.08896472 0.11989263 0.09620588 0.10379794 0.10782734\n",
      " 0.13101819 0.10789448 0.10571189]\n",
      "[0.13128915 0.10948485 0.13156675 0.08327235 0.11442999 0.12901202\n",
      " 0.1128441  0.1050126  0.08308819]\n",
      "[0.15263853 0.10862321 0.10828939 0.08791975 0.1226304  0.0856536\n",
      " 0.10552552 0.11229461 0.11642499]\n",
      "[0.15910198 0.10410699 0.10020823 0.06694384 0.10919158 0.10020402\n",
      " 0.11866013 0.12128864 0.1202946 ]\n",
      "[0.13700113 0.10315094 0.11809729 0.09705637 0.11183645 0.12413665\n",
      " 0.10589519 0.11521765 0.08760831]\n",
      "[0.13008781 0.12069449 0.13952998 0.09056332 0.08070338 0.08906479\n",
      " 0.1384227  0.11117988 0.09975364]\n",
      "[0.11040507 0.10591476 0.15015116 0.10511133 0.11235557 0.09748134\n",
      " 0.11988356 0.10639985 0.09229735]\n",
      "[0.12511635 0.10368049 0.1534258  0.10083148 0.10123931 0.10663878\n",
      " 0.077308   0.11073404 0.12102576]\n",
      "[0.13182447 0.13384444 0.12573226 0.0652334  0.09339038 0.09294505\n",
      " 0.14296148 0.11475899 0.09930953]\n",
      "[0.12504854 0.12249258 0.13479297 0.09643728 0.07506517 0.10841556\n",
      " 0.13050274 0.12032731 0.08691786]\n",
      "[0.11403424 0.1101728  0.12338145 0.09347178 0.10713998 0.12702189\n",
      " 0.1065668  0.11526957 0.10294151]\n",
      "[0.13657263 0.11726943 0.12549436 0.08136631 0.11029045 0.10767721\n",
      " 0.11661356 0.10608244 0.09863361]\n",
      "[0.12010791 0.11472598 0.12514599 0.08913337 0.11333838 0.09875526\n",
      " 0.12680508 0.08913066 0.12285737]\n",
      "[0.14548871 0.11743253 0.12671669 0.09498985 0.11176607 0.07734379\n",
      " 0.10980318 0.11191208 0.10454709]\n",
      "[0.12774547 0.09141983 0.1165456  0.09694129 0.11355001 0.1079382\n",
      " 0.12360027 0.10588181 0.11637754]\n",
      "[0.11658708 0.12221354 0.10510204 0.09257458 0.13580874 0.11663243\n",
      " 0.11995408 0.09669408 0.09443342]\n",
      "[0.11770734 0.10870176 0.11624156 0.0888029  0.11001508 0.09776918\n",
      " 0.14277254 0.11685947 0.10113016]\n",
      "[0.13321047 0.12596669 0.10936364 0.08339496 0.10616988 0.11189883\n",
      " 0.11325516 0.10610997 0.11063042]\n",
      "[0.13245638 0.10039915 0.11855849 0.09010266 0.09825867 0.12479926\n"
     ]
    },
    {
     "name": "stdout",
     "output_type": "stream",
     "text": [
      " 0.1184935  0.12441097 0.09252091]\n",
      "[0.10923176 0.09142699 0.12924689 0.10874254 0.0947681  0.11774675\n",
      " 0.13083602 0.12673845 0.09126248]\n",
      "[0.11564369 0.107027   0.10960497 0.12201564 0.10742398 0.10175546\n",
      " 0.11136716 0.11956319 0.10559891]\n",
      "[0.1286576  0.1003441  0.11164462 0.11514928 0.10728056 0.10430296\n",
      " 0.12124303 0.09850294 0.11287489]\n",
      "[0.13023961 0.11522248 0.13330971 0.09390149 0.10291299 0.09862088\n",
      " 0.10583638 0.11335954 0.10659691]\n",
      "[0.1188322  0.11972366 0.14291166 0.08210504 0.11432212 0.1122938\n",
      " 0.1007238  0.11156733 0.09752038]\n",
      "[0.10497579 0.106905   0.14199913 0.09853087 0.1147444  0.09307032\n",
      " 0.13268858 0.09416626 0.11291964]\n",
      "[0.11684141 0.12181328 0.12683922 0.09377528 0.12490869 0.09433505\n",
      " 0.13140071 0.1115297  0.07855665]\n",
      "[0.09982418 0.1103625  0.11967949 0.10368265 0.1068667  0.12297107\n",
      " 0.11714541 0.13512511 0.08434289]\n",
      "[0.13832867 0.09919118 0.13626859 0.08539925 0.0940443  0.1180947\n",
      " 0.11034258 0.1282605  0.09007022]\n",
      "[0.12450115 0.11978057 0.12363088 0.09087523 0.10305003 0.11382894\n",
      " 0.12600813 0.10571338 0.0926117 ]\n",
      "[0.09960815 0.1125445  0.13631762 0.08761619 0.09001708 0.08877049\n",
      " 0.13662323 0.12989384 0.1186089 ]\n",
      "[0.11648284 0.08159174 0.10511736 0.09874907 0.12832808 0.10659432\n",
      " 0.14382349 0.12166572 0.09764738]\n",
      "[0.09875299 0.10860744 0.12142599 0.08523877 0.11611883 0.1067663\n",
      " 0.11855766 0.13424088 0.11029114]\n",
      "[0.12624649 0.12189393 0.10840988 0.08935257 0.12546867 0.11577559\n",
      " 0.09982708 0.11181087 0.10121493]\n",
      "[0.11129995 0.08972463 0.11758758 0.09282852 0.10057457 0.14197635\n",
      " 0.13355684 0.12651859 0.08593295]\n",
      "[0.11259518 0.12086825 0.12906246 0.0886515  0.08243043 0.09709657\n",
      " 0.13611065 0.1275757  0.10560926]\n",
      "[0.10271537 0.12275136 0.13091245 0.07400433 0.11943971 0.10853689\n",
      " 0.12982377 0.11165028 0.10016585]\n",
      "[0.13793335 0.11434582 0.10565712 0.11379834 0.09375915 0.0897006\n",
      " 0.12485253 0.12127823 0.09867486]\n",
      "[0.12451708 0.10773405 0.11805499 0.09613388 0.11162699 0.1026109\n",
      " 0.11528239 0.12759836 0.09644136]\n",
      "[0.12571679 0.10216817 0.12522839 0.10700678 0.08590688 0.12303272\n",
      " 0.11585576 0.10869826 0.10638625]\n",
      "[0.11555064 0.11452668 0.11874398 0.08071796 0.11188359 0.11739555\n",
      " 0.12070288 0.13189069 0.08858802]\n",
      "[0.12441791 0.10576461 0.11649573 0.09394215 0.12073679 0.10625607\n",
      " 0.10886885 0.11448138 0.10903652]\n",
      "[0.10007949 0.11119352 0.12482537 0.08723684 0.09933713 0.11709513\n",
      " 0.13666544 0.13176731 0.09179977]\n",
      "[0.1141195  0.0953599  0.10398704 0.08074082 0.12279115 0.10950901\n",
      " 0.12434051 0.14986857 0.09928349]\n",
      "[0.11790634 0.09805525 0.10726983 0.09759474 0.1181128  0.1101176\n",
      " 0.15034695 0.11658948 0.084007  ]\n",
      "[0.14377195 0.1152829  0.10999127 0.09384276 0.09350644 0.10416344\n",
      " 0.1125841  0.10381947 0.12303768]\n",
      "[0.12506489 0.11192981 0.10912169 0.09849252 0.10595768 0.10287056\n",
      " 0.09726727 0.12961766 0.11967792]\n",
      "[0.1209544  0.09099279 0.10290293 0.10339516 0.11260357 0.09918639\n",
      " 0.12730196 0.13895217 0.10371063]\n",
      "[0.10941361 0.1166466  0.12447282 0.08044522 0.10294828 0.13130799\n",
      " 0.12925202 0.10763674 0.09787672]\n",
      "[0.09732031 0.09220144 0.11936156 0.08886737 0.09795637 0.12528472\n",
      " 0.16128031 0.11063451 0.10709341]\n",
      "[0.13323253 0.11136734 0.1417252  0.07658752 0.08869789 0.11909023\n",
      " 0.11185179 0.09582354 0.12162396]\n",
      "[0.12358279 0.10593534 0.13806484 0.08431649 0.07430855 0.11583338\n",
      " 0.11947181 0.10531225 0.13317454]\n",
      "[0.12362663 0.12605619 0.10841169 0.08707535 0.10828136 0.10362771\n",
      " 0.13569374 0.11468739 0.09253994]\n",
      "[0.12777528 0.08567136 0.11717772 0.09809917 0.11595596 0.10857423\n",
      " 0.13722906 0.13573691 0.0737803 ]\n",
      "[0.09941697 0.08238535 0.13940846 0.09273854 0.10367709 0.11555452\n",
      " 0.11210742 0.12277423 0.13193742]\n",
      "[0.14120798 0.12051121 0.11861746 0.09957264 0.09319443 0.10627662\n",
      " 0.1080239  0.12833418 0.08426158]\n",
      "[0.13012277 0.10541028 0.12721296 0.09141803 0.11477883 0.11902772\n",
      " 0.10608725 0.10365701 0.10228514]\n",
      "[0.11903    0.11456307 0.1225196  0.09112989 0.10297859 0.1060002\n",
      " 0.11158242 0.1148259  0.11737034]\n",
      "[0.12100122 0.10128569 0.14570836 0.1112044  0.09060702 0.12117577\n",
      " 0.11360204 0.10498011 0.0904354 ]\n",
      "[0.12515517 0.10812135 0.10873692 0.09659031 0.10963139 0.09943306\n",
      " 0.11350462 0.1427278  0.09609939]\n",
      "[0.11291206 0.10264097 0.12273725 0.07624847 0.08778808 0.11919014\n",
      " 0.14162864 0.13332807 0.10352632]\n",
      "[0.11106799 0.10860143 0.1253938  0.08509326 0.10102402 0.0901279\n",
      " 0.14361979 0.13143926 0.10363255]\n",
      "[0.10892782 0.11059326 0.14650131 0.09872096 0.07407946 0.10137784\n",
      " 0.12790756 0.10167521 0.13021658]\n",
      "[0.09416407 0.11006261 0.12768837 0.10233869 0.08850257 0.11885599\n",
      " 0.13682189 0.11620466 0.10536116]\n",
      "[0.09376636 0.10979895 0.12540474 0.10176626 0.09896625 0.11353399\n",
      " 0.13891904 0.12891269 0.08893171]\n",
      "[0.10142324 0.08892757 0.14178307 0.10284462 0.11197535 0.10758542\n",
      " 0.10585705 0.12385432 0.11574935]\n",
      "[0.10259546 0.10357688 0.12935328 0.10210814 0.10195758 0.12181102\n",
      " 0.11896374 0.11927724 0.10035666]\n",
      "[0.13869317 0.09087628 0.13488324 0.10173437 0.07931677 0.10016483\n",
      " 0.11619198 0.14374436 0.094395  ]\n",
      "[0.10346297 0.10360922 0.12996755 0.10883313 0.08365236 0.11937725\n",
      " 0.1340038  0.12877232 0.08832139]\n",
      "[0.11754324 0.10512449 0.12991781 0.09016085 0.08987927 0.10907043\n",
      " 0.13304234 0.12143043 0.10383115]\n",
      "[0.11059665 0.11618754 0.14306393 0.10557443 0.09995223 0.09083788\n",
      " 0.10728028 0.14984896 0.07665811]\n",
      "[0.09634272 0.12344187 0.12368905 0.11407728 0.0983678  0.10173089\n",
      " 0.12682482 0.12074282 0.09478275]\n",
      "[0.1235218  0.09600575 0.12158904 0.09349362 0.09792242 0.10674739\n",
      " 0.11483839 0.15518761 0.09069397]\n",
      "[0.08660182 0.10040874 0.10216272 0.12017845 0.08554205 0.13613366\n",
      " 0.16696535 0.11080202 0.0912052 ]\n",
      "[0.11726059 0.10411993 0.16279897 0.09819179 0.11272036 0.09072966\n",
      " 0.08979655 0.12756118 0.09682098]\n",
      "[0.1094641  0.0892189  0.1265554  0.10601903 0.11899205 0.12408773\n",
      " 0.13040697 0.12908512 0.0661707 ]\n",
      "[0.11820315 0.09583693 0.12616707 0.08942513 0.09925616 0.1347127\n",
      " 0.10853283 0.12181472 0.10605131]\n",
      "[0.11224982 0.10847817 0.11926139 0.07969678 0.09954942 0.09980846\n",
      " 0.13756182 0.14692385 0.09647028]\n",
      "[0.1179868  0.09459097 0.12385661 0.10014496 0.10979413 0.10442495\n",
      " 0.13153257 0.11412937 0.10353964]\n",
      "[0.12503385 0.10085634 0.10692936 0.0994534  0.08681227 0.11834914\n",
      " 0.1394186  0.12679181 0.09635524]\n",
      "[0.1033448  0.10124709 0.12753721 0.09539612 0.10213051 0.13226393\n",
      " 0.10755027 0.131621   0.09890908]\n",
      "[0.10340121 0.09818981 0.12501588 0.08042769 0.10545446 0.10151082\n",
      " 0.14911521 0.15051789 0.08636702]\n",
      "[0.12055553 0.10966073 0.12053618 0.10027561 0.09035831 0.12557685\n",
      " 0.12119502 0.11923679 0.09260498]\n",
      "[0.12644894 0.08851948 0.14393718 0.07531722 0.0934105  0.13475716\n",
      " 0.11010346 0.12784527 0.0996608 ]\n",
      "[0.11078422 0.08481789 0.13005256 0.11304263 0.10023224 0.12250493\n",
      " 0.11298224 0.13008436 0.09549894]\n",
      "[0.12470606 0.11507301 0.1103587  0.08784061 0.08392797 0.13095478\n",
      " 0.13491547 0.11789478 0.09432863]\n",
      "[0.12297703 0.08338507 0.15293593 0.09271315 0.100325   0.11083454\n",
      " 0.10631723 0.14277458 0.08773747]\n",
      "[0.10751821 0.10290746 0.12498039 0.09352336 0.12257397 0.10338389\n",
      " 0.12555102 0.12919269 0.09036901]\n",
      "[0.12357652 0.1083094  0.11087658 0.09737784 0.09422753 0.122447\n",
      " 0.14479861 0.11666927 0.08171725]\n",
      "[0.12541487 0.12148764 0.13112174 0.08898601 0.10359737 0.1127162\n",
      " 0.10014298 0.11478171 0.10175147]\n",
      "[0.08984592 0.11270816 0.14751491 0.10143155 0.0928045  0.10740502\n",
      " 0.10998171 0.10476749 0.13354073]\n",
      "[0.12358358 0.1009645  0.13192582 0.11085661 0.09711461 0.11379135\n",
      " 0.11283879 0.12677144 0.0821533 ]\n",
      "[0.12933909 0.10979844 0.13820028 0.0733811  0.10479168 0.11042606\n",
      " 0.10532876 0.12764711 0.10108748]\n",
      "[0.1157567  0.10072244 0.13648664 0.08626204 0.10490324 0.11749467\n",
      " 0.13752354 0.12595428 0.07489643]\n",
      "[0.12092224 0.09040581 0.14092943 0.07976728 0.0972709  0.10523881\n",
      " 0.13625937 0.13374417 0.09546199]\n",
      "[0.1025792  0.08376728 0.13227953 0.12183838 0.10420314 0.13038701\n",
      " 0.11341715 0.11674589 0.09478241]\n",
      "[0.10640541 0.10132248 0.13304086 0.10669786 0.08973631 0.11677166\n",
      " 0.13681336 0.10813043 0.10108163]\n",
      "[0.10692192 0.10506317 0.11700646 0.09245867 0.10155068 0.11438887\n",
      " 0.12770285 0.13150145 0.10340592]\n",
      "[0.13148772 0.09794437 0.11432803 0.08785331 0.1029373  0.12368929\n",
      " 0.12427862 0.10962477 0.10785659]\n",
      "[0.11343249 0.12251109 0.12941699 0.09103594 0.09991889 0.11985609\n",
      " 0.11133406 0.12630358 0.08619087]\n",
      "[0.10728371 0.10206027 0.12294151 0.11430617 0.10306774 0.0834283\n",
      " 0.11640068 0.134551   0.11596063]\n",
      "[0.13273467 0.09101814 0.14236119 0.08960424 0.10052379 0.11190226\n"
     ]
    },
    {
     "name": "stdout",
     "output_type": "stream",
     "text": [
      " 0.12231854 0.12455956 0.08497762]\n",
      "[0.11958539 0.11184801 0.10240053 0.11577812 0.08805658 0.10194119\n",
      " 0.13094059 0.13807655 0.09137302]\n",
      "[0.12703821 0.09288256 0.08627984 0.07779265 0.11069651 0.11859362\n",
      " 0.11923796 0.15145956 0.11601911]\n",
      "[0.09911927 0.1094636  0.11984629 0.11403531 0.1157017  0.11618098\n",
      " 0.10742218 0.12363078 0.0945999 ]\n",
      "[0.10435549 0.1102878  0.10805886 0.07962181 0.11682728 0.13164577\n",
      " 0.1041377  0.14754914 0.09751613]\n",
      "[0.11866174 0.10030289 0.09203754 0.10775132 0.12624911 0.11900235\n",
      " 0.12013103 0.11677933 0.09908469]\n",
      "[0.13251945 0.09852192 0.12206782 0.08783181 0.12621367 0.10748999\n",
      " 0.09482432 0.1398806  0.09065042]\n",
      "[0.11607359 0.10447759 0.11620937 0.0874335  0.13122095 0.11384388\n",
      " 0.10803399 0.12823723 0.0944699 ]\n",
      "[0.11804215 0.10802167 0.13708835 0.0832442  0.09256387 0.12512072\n",
      " 0.11973588 0.12958362 0.08659954]\n",
      "[0.10841485 0.11013859 0.11647134 0.0881002  0.10079808 0.13573428\n",
      " 0.11241714 0.14362048 0.08430503]\n",
      "[0.12106698 0.10155461 0.11524416 0.08094491 0.10559082 0.11905978\n",
      " 0.1090849  0.16515318 0.08230066]\n",
      "[0.12125149 0.10864497 0.111648   0.09812255 0.12285526 0.11739812\n",
      " 0.12275525 0.09549117 0.1018332 ]\n",
      "[0.12746123 0.09995066 0.11100349 0.102794   0.09988696 0.11309717\n",
      " 0.12712616 0.13341317 0.08526716]\n",
      "[0.12529562 0.08566683 0.10562389 0.0901252  0.09423566 0.13163522\n",
      " 0.1131169  0.16112406 0.09317662]\n",
      "[0.08569558 0.08812097 0.10238477 0.09991893 0.12263016 0.1373857\n",
      " 0.1199699  0.13074806 0.11314593]\n",
      "[0.10629414 0.10382103 0.11099238 0.09426678 0.08031118 0.13746412\n",
      " 0.09778382 0.15529934 0.1137672 ]\n",
      "[0.09039529 0.11334651 0.1115738  0.10185314 0.09922684 0.11580879\n",
      " 0.13079323 0.13856282 0.09843959]\n",
      "[0.13079821 0.08710825 0.11579073 0.09109937 0.0991493  0.12878414\n",
      " 0.10871845 0.14300784 0.0955437 ]\n",
